0.0000,0.0000,0.0000
0.0000,0.4965,0.4971
0.0000,0.4965,0.4971
0.0000,0.4964,0.4970
0.0000,0.4965,0.4971
0.0000,0.4964,0.4971
0.0000,0.4965,0.4971
0.0000,0.4964,0.4970
0.0000,0.4965,0.4971
0.0000,0.4964,0.4970
0.0000,0.4965,0.4971
0.0000,0.4964,0.4970
0.0000,0.4965,0.4972
0.0000,0.4965,0.4971
0.0000,0.4964,0.4970
0.0000,0.4965,0.4971
0.0000,0.4964,0.4970
0.0000,0.4965,0.4971
0.0000,0.4964,0.4970
0.0000,0.4965,0.4971
0.0000,0.4964,0.4971
0.0000,0.4965,0.4971
0.0000,0.4964,0.4970
0.0000,0.4965,0.4971
0.0000,0.4965,0.4971
0.0000,0.4964,0.4970
0.0000,0.4965,0.4971
0.0000,0.4964,0.4971
0.0000,0.4965,0.4971
0.0000,0.4964,0.4970
0.0000,0.4965,0.4971
0.0000,0.4964,0.4970
0.0000,0.4965,0.4971
0.0000,0.4964,0.4970
0.0000,0.4965,0.4972
0.0000,0.4965,0.4971
0.0000,0.4964,0.4970
0.0000,0.4965,0.4971
0.0000,0.4964,0.4970
0.0000,0.4965,0.4971
0.0000,0.4964,0.4970
0.0000,0.4965,0.4971
0.0000,0.4964,0.4971
0.0000,0.4965,0.4971
0.0000,0.4964,0.4970
0.0000,0.4965,0.4971
0.0000,0.4964,0.4970
0.0000,0.4965,0.4971
0.0000,0.4965,0.4971
0.0000,0.4964,0.4971
0.0000,0.4965,0.4971
0.0000,0.4964,0.4970
0.0000,0.4965,0.4971
0.0000,0.4964,0.4970
0.0000,0.4965,0.4971
0.0000,0.4964,0.4970
0.0000,0.4965,0.4972
0.0000,0.4964,0.4970
0.0000,0.4965,0.4971
0.0000,0.4965,0.4971
0.0000,0.4964,0.4970
0.0000,0.4965,0.4971
0.0000,0.4964,0.4970
0.0000,0.4965,0.4971
0.0000,0.4964,0.4971
0.0000,0.4965,0.4971
0.0000,0.4964,0.4970
0.0000,0.4965,0.4971
0.0000,0.4964,0.4970
0.0000,0.4965,0.4971
0.0000,0.4965,0.4971
0.0000,0.4964,0.4971
0.0000,0.4965,0.4971
0.0000,0.4964,0.4970
0.0000,0.4965,0.4971
0.0000,0.4964,0.4970
0.0000,0.4965,0.4971
0.0000,0.4964,0.4970
0.0000,0.4965,0.4971
0.0000,0.4964,0.4971
0.0000,0.4965,0.4971
0.0000,0.4965,0.4971
0.0000,0.4964,0.4970
0.0000,0.4965,0.4971
0.0000,0.4964,0.4970
0.0000,0.4965,0.4971
0.0000,0.4964,0.4971
0.0000,0.4965,0.4971
0.0000,0.4964,0.4970
0.0000,0.4965,0.4971
0.0000,0.4964,0.4970
0.0000,0.4965,0.4971
0.0000,0.4965,0.4971
0.0000,0.4964,0.4971
0.0000,0.4965,0.4971
0.0000,0.4964,0.4970
0.0000,0.4965,0.4971
0.0000,0.4964,0.4970
0.0000,0.4965,0.4971
0.0000,0.4964,0.4970
0.0000,0.4965,0.4971
0.0000,0.4964,0.4971
0.0000,0.4965,0.4971
0.0000,0.4964,0.4970
0.0000,0.4965,0.4971
0.0000,0.4965,0.4971
0.0000,0.4964,0.4970
0.0000,0.4965,0.4971
0.0000,0.4964,0.4971
0.0000,0.4965,0.4971
0.0000,0.4964,0.4970
0.0000,0.4965,0.4971
0.0000,0.4964,0.4970
0.0000,0.4965,0.4971
0.0000,0.4964,0.4970
0.0000,0.4965,0.4972
0.0000,0.4965,0.4971
0.0000,0.4964,0.4970
0.0000,0.4965,0.4971
0.0000,0.4964,0.4970
0.0000,0.4965,0.4971
0.0000,0.4964,0.4970
0.0000,0.4965,0.4971
0.0000,0.4964,0.4971
0.0000,0.4965,0.4971
0.0000,0.4964,0.4970
0.0000,0.4965,0.4971
0.0000,0.3009,0.7961
0.0000,0.3010,0.7962
0.0000,0.3009,0.7961
0.0000,0.3010,0.7962
0.0000,0.3009,0.7961
0.0000,0.3009,0.7961
0.0000,0.3010,0.7962
0.0000,0.3009,0.7961
0.0000,0.3010,0.7962
0.0000,0.3009,0.7961
0.0000,0.3009,0.7961
0.0000,0.3010,0.7962
0.0000,0.3009,0.7961
0.0000,0.3009,0.7961
0.0000,0.3010,0.7962
0.0000,0.3009,0.7961
0.0000,0.3010,0.7962
0.0000,0.3009,0.7961
0.0000,0.3009,0.7961
0.0000,0.3010,0.7962
0.0000,0.3009,0.7961
0.0000,0.3010,0.7962
0.0000,0.3009,0.7961
0.0000,0.3009,0.7961
0.0000,0.3010,0.7962
0.0000,0.3009,0.7961
0.0000,0.3010,0.7962
0.0000,0.3009,0.7961
0.0000,0.3009,0.7961
0.0000,0.3010,0.7962
0.0000,0.3009,0.7961
0.0000,0.3010,0.7962
0.0000,0.3009,0.7961
0.0000,0.3009,0.7961
0.0000,0.3010,0.7962
0.0000,0.3009,0.7961
0.0000,0.3010,0.7962
0.0000,0.3009,0.7961
0.0000,0.3009,0.7961
0.0000,0.3010,0.7962
0.0000,0.3009,0.7961
0.0000,0.3009,0.7961
0.0000,-0.7104,-0.3609
0.0000,-0.7048,-0.3668
0.0000,-0.6990,-0.3781
0.0000,-0.6990,-0.3839
0.0000,-0.6990,-0.3896
0.0000,-0.6933,-0.3954
0.0000,-0.6875,-0.4067
0.0000,-0.6876,-0.4126
0.0000,-0.6818,-0.4182
0.0000,0.4985,-0.6188
0.0000,0.5042,-0.6188
0.0000,0.5157,-0.6245
0.0000,0.5271,-0.6245
0.0000,0.5271,-0.6360
0.0000,0.5443,-0.6360
0.0000,0.5443,-0.6418
0.0000,0.5615,-0.6474
0.0000,0.5672,-0.6532
0.0000,0.5730,-0.6589
0.0000,0.5844,-0.6646
0.0000,0.6016,-0.6761
0.0000,0.6074,-0.6760
0.0000,0.6188,-0.6876
0.0000,0.6302,-0.6990
0.0000,0.6417,-0.7048
0.0000,0.6532,-0.7104
0.0000,0.6704,-0.7219
0.0000,0.6818,-0.7334
0.0000,0.6990,-0.7506
0.0000,0.7162,-0.7563
0.0000,0.7276,-0.7678
0.0000,0.7506,-0.7849
0.0000,0.7678,-0.8021
0.0000,0.7907,-0.8136
0.0000,0.7677,0.3723
0.0000,0.7792,0.3610
0.0000,0.7907,0.3438
0.0000,0.7964,0.3380
0.0000,0.8079,0.3266
0.0000,0.8136,0.3094
0.0000,0.8308,0.2980
0.0000,-0.0000,-0.0000
0.3724,-0.0172,0.0171
0.3724,-0.0458,0.0459
0.3725,-0.0688,0.0802
0.3724,-0.1031,0.1146
0.3667,-0.1318,0.1432
0.3667,-0.1547,0.1719
0.3667,-0.1833,0.2063
0.3609,-0.2120,0.2349
0.3610,-0.2349,0.2636
0.3552,-0.2579,0.2864
0.3553,-0.2865,0.3208
0.3437,-0.3036,0.3439
0.3438,-0.3266,0.3667
0.3381,-0.3438,0.3953
0.3380,-0.3667,0.4182
0.3266,-0.3781,0.4355
0.3208,-0.4011,0.4641
0.3152,-0.4125,0.4756
0.3036,-0.4298,0.5041
0.2980,-0.4354,0.5157
0.2922,-0.4526,0.5329
0.2865,-0.4641,0.5500
0.2750,-0.4699,0.5672
0.2635,-0.4755,0.5787
0.2579,-0.4870,0.5959
0.2406,-0.4870,0.6016
0.2349,-0.4985,0.6188
0.2235,-0.4985,0.6245
0.2120,-0.4985,0.6360
0.2005,-0.5042,0.6417
0.1834,-0.5042,0.6532
0.1776,-0.4984,0.6589
0.1547,-0.5042,0.6647
0.1489,-0.4985,0.6703
0.1318,-0.4985,0.6761
0.1146,-0.4927,0.6818
0.0974,-0.4870,0.6761
0.0860,-0.4813,0.6876
0.0630,-0.4756,0.6817
0.0516,-0.4698,0.6819
0.0343,-0.4584,0.6818
0.0115,-0.4583,0.6819
-0.0057,-0.4412,0.6818
-0.0230,-0.4355,0.6760
-0.0458,-0.4240,0.6703
-0.0630,-0.4125,0.6647
-0.0802,-0.4011,0.6646
-0.1089,-0.3896,0.6532
-0.1203,-0.3781,0.6418
-0.1490,-0.3610,0.6359
-0.1661,-0.3552,0.6246
-0.1891,-0.3323,0.6130
-0.2120,-0.3266,0.6016
-0.2292,-0.3094,0.5902
-0.2578,-0.2922,0.5729
-0.2750,-0.2808,0.5558
-0.2923,-0.2693,0.5385
-0.3208,-0.2463,0.5215
-0.3381,-0.2349,0.4985
-0.3552,-0.2235,0.4812
-0.3781,-0.2063,0.4583
-0.3954,-0.1890,0.4298
-0.4125,-0.1777,0.4125
-0.4355,-0.1604,0.3782
-0.4469,-0.1490,0.3552
-0.4641,-0.1317,0.3324
-0.4812,-0.1204,0.2978
-0.4871,-0.1031,0.2636
-0.5042,-0.0917,0.2349
-0.5156,-0.0802,0.2063
-0.5214,-0.0630,0.1719
-0.5271,-0.0516,0.1375
-0.5386,-0.0401,0.1031
-0.5386,-0.0229,0.0688
-0.5443,-0.0172,0.0344
-0.5386,-0.0000,-0.0000
-0.5443,0.0172,-0.0344
-0.5386,0.0229,-0.0688
-0.5386,0.0401,-0.1031
-0.5271,0.0516,-0.1375
-0.5214,0.0630,-0.1719
-0.5156,0.0802,-0.2063
-0.5042,0.0917,-0.2349
-0.4871,0.1031,-0.2636
-0.4812,0.1204,-0.2978
-0.4641,0.1317,-0.3324
-0.4469,0.1490,-0.3552
-0.4355,0.1604,-0.3782
-0.4125,0.1777,-0.4125
-0.3954,0.1890,-0.4298
-0.3781,0.2063,-0.4583
-0.3552,0.2235,-0.4812
-0.3381,0.2349,-0.4985
-0.3208,0.2463,-0.5215
-0.2923,0.2693,-0.5385
-0.2750,0.2808,-0.5558
-0.2578,0.2922,-0.5729
-0.2292,0.3094,-0.5902
-0.2120,0.3266,-0.6016
-0.1891,0.3323,-0.6130
-0.1661,0.3552,-0.6246
-0.1490,0.3610,-0.6359
-0.1203,0.3781,-0.6418
-0.1089,0.3896,-0.6532
-0.0802,0.4011,-0.6646
-0.0630,0.4125,-0.6647
-0.0458,0.4240,-0.6703
-0.0230,0.4355,-0.6760
-0.0057,0.4412,-0.6818
0.0115,0.4583,-0.6819
0.0343,0.4584,-0.6818
0.0516,0.4698,-0.6819
0.0630,0.4756,-0.6817
0.0860,0.4813,-0.6876
0.0974,0.4870,-0.6761
0.1146,0.4927,-0.6818
0.1318,0.4985,-0.6761
0.1489,0.4985,-0.6703
0.1547,0.5042,-0.6647
0.1776,0.4984,-0.6589
0.1834,0.5042,-0.6532
0.2005,0.5042,-0.6417
0.2120,0.4985,-0.6360
0.2235,0.4985,-0.6245
0.2349,0.4985,-0.6188
0.2406,0.4870,-0.6016
0.2579,0.4870,-0.5959
0.2635,0.4755,-0.5787
0.2750,0.4699,-0.5672
0.2865,0.4641,-0.5500
0.2922,0.4526,-0.5329
0.2980,0.4354,-0.5157
0.3036,0.4298,-0.5041
0.3152,0.4125,-0.4756
0.3208,0.4011,-0.4641
0.3266,0.3781,-0.4355
0.3380,0.3667,-0.4182
0.3381,0.3438,-0.3953
0.3438,0.3266,-0.3667
0.3437,0.3036,-0.3439
0.3553,0.2865,-0.3208
0.3552,0.2579,-0.2864
0.3610,0.2349,-0.2636
0.3609,0.2120,-0.2349
0.3667,0.1833,-0.2063
0.3667,0.1547,-0.1719
0.3667,0.1318,-0.1432
0.3724,0.1031,-0.1146
0.3725,0.0688,-0.0802
0.3724,0.0458,-0.0459
 